section id,recording id,timestamp [ns]
3a4949b1-4342-440b-ae79-14d47949d470,e9b61042-4af0-4619-81e8-e1bc9229b938,1689708353217000000
3a4949b1-4342-440b-ae79-14d47949d470,e9b61042-4af0-4619-81e8-e1bc9229b938,1689708353267000000
3a4949b1-4342-440b-ae79-14d47949d470,e9b61042-4af0-4619-81e8-e1bc9229b938,1689708353317000000
3a4949b1-4342-440b-ae79-14d47949d470,e9b61042-4af0-4619-81e8-e1bc9229b938,1689708353367000000
3a4949b1-4342-440b-ae79-14d47949d470,e9b61042-4af0-4619-81e8-e1bc9229b938,1689708353417000000
3a4949b1-4342-440b-ae79-14d47949d470,e9b61042-4af0-4619-81e8-e1bc9229b938,1689708353467000000
3a4949b1-4342-440b-ae79-14d47949d470,e9b61042-4af0-4619-81e8-e1bc9229b938,1689708353517000000
3a4949b1-4342-440b-ae79-14d47949d470,e9b61042-4af0-4619-81e8-e1bc9229b938,1689708353567000000
3a4949b1-4342-440b-ae79-14d47949d470,e9b61042-4af0-4619-81e8-e1bc9229b938,1689708353617000000
3a4949b1-4342-440b-ae79-14d47949d470,e9b61042-4af0-4619-81e8-e1bc9229b938,1689708353667000000
3a4949b1-4342-440b-ae79-14d47949d470,e9b61042-4af0-4619-81e8-e1bc9229b938,1689708353717000000
3a4949b1-4342-440b-ae79-14d47949d470,e9b61042-4af0-4619-81e8-e1bc9229b938,1689708353767000000
3a4949b1-4342-440b-ae79-14d47949d470,e9b61042-4af0-4619-81e8-e1bc9229b938,1689708353817000000
3a4949b1-4342-440b-ae79-14d47949d470,e9b61042-4af0-4619-81e8-e1bc9229b938,1689708353867000000
3a4949b1-4342-440b-ae79-14d47949d470,e9b61042-4af0-4619-81e8-e1bc9229b938,1689708353917000000
3a4949b1-4342-440b-ae79-14d47949d470,e9b61042-4af0-4619-81e8-e1bc9229b938,1689708353967000000
3a4949b1-4342-440b-ae79-14d47949d470,e9b61042-4af0-4619-81e8-e1bc9229b938,1689708354017000000
3a4949b1-4342-440b-ae79-14d47949d470,e9b61042-4af0-4619-81e8-e1bc9229b938,1689708354067000000
3a4949b1-4342-440b-ae79-14d47949d470,e9b61042-4af0-4619-81e8-e1bc9229b938,1689708354117000000
3a4949b1-4342-440b-ae79-14d47949d470,e9b61042-4af0-4619-81e8-e1bc9229b938,1689708354167000000
3a4949b1-4342-440b-ae79-14d47949d470,e9b61042-4af0-4619-81e8-e1bc9229b938,1689708354217000000
3a4949b1-4342-440b-ae79-14d47949d470,e9b61042-4af0-4619-81e8-e1bc9229b938,1689708354267000000
3a4949b1-4342-440b-ae79-14d47949d470,e9b61042-4af0-4619-81e8-e1bc9229b938,1689708354317000000
3a4949b1-4342-440b-ae79-14d47949d470,e9b61042-4af0-4619-81e8-e1bc9229b938,1689708354367000000
3a4949b1-4342-440b-ae79-14d47949d470,e9b61042-4af0-4619-81e8-e1bc9229b938,1689708354417000000
3a4949b1-4342-440b-ae79-14d47949d470,e9b61042-4af0-4619-81e8-e1bc9229b938,1689708354467000000
3a4949b1-4342-440b-ae79-14d47949d470,e9b61042-4af0-4619-81e8-e1bc9229b938,1689708354517000000
3a4949b1-4342-440b-ae79-14d47949d470,e9b61042-4af0-4619-81e8-e1bc9229b938,1689708354567000000
3a4949b1-4342-440b-ae79-14d47949d470,e9b61042-4af0-4619-81e8-e1bc9229b938,1689708354617000000
3a4949b1-4342-440b-ae79-14d47949d470,e9b61042-4af0-4619-81e8-e1bc9229b938,1689708354667000000
3a4949b1-4342-440b-ae79-14d47949d470,e9b61042-4af0-4619-81e8-e1bc9229b938,1689708354717000000
3a4949b1-4342-440b-ae79-14d47949d470,e9b61042-4af0-4619-81e8-e1bc9229b938,1689708354767000000
3a4949b1-4342-440b-ae79-14d47949d470,e9b61042-4af0-4619-81e8-e1bc9229b938,1689708354817000000
3a4949b1-4342-440b-ae79-14d47949d470,e9b61042-4af0-4619-81e8-e1bc9229b938,1689708354867000000
3a4949b1-4342-440b-ae79-14d47949d470,e9b61042-4af0-4619-81e8-e1bc9229b938,1689708354917000000
3a4949b1-4342-440b-ae79-14d47949d470,e9b61042-4af0-4619-81e8-e1bc9229b938,1689708354967000000
3a4949b1-4342-440b-ae79-14d47949d470,e9b61042-4af0-4619-81e8-e1bc9229b938,1689708355017000000
3a4949b1-4342-440b-ae79-14d47949d470,e9b61042-4af0-4619-81e8-e1bc9229b938,1689708355067000000
3a4949b1-4342-440b-ae79-14d47949d470,e9b61042-4af0-4619-81e8-e1bc9229b938,1689708355117000000
3a4949b1-4342-440b-ae79-14d47949d470,e9b61042-4af0-4619-81e8-e1bc9229b938,1689708355167000000
3a4949b1-4342-440b-ae79-14d47949d470,e9b61042-4af0-4619-81e8-e1bc9229b938,1689708355217000000
3a4949b1-4342-440b-ae79-14d47949d470,e9b61042-4af0-4619-81e8-e1bc9229b938,1689708355266999999
3a4949b1-4342-440b-ae79-14d47949d470,e9b61042-4af0-4619-81e8-e1bc9229b938,1689708355317000000
3a4949b1-4342-440b-ae79-14d47949d470,e9b61042-4af0-4619-81e8-e1bc9229b938,1689708355367000000
3a4949b1-4342-440b-ae79-14d47949d470,e9b61042-4af0-4619-81e8-e1bc9229b938,1689708355417000000
3a4949b1-4342-440b-ae79-14d47949d470,e9b61042-4af0-4619-81e8-e1bc9229b938,1689708355428811111
3a4949b1-4342-440b-ae79-14d47949d470,e9b61042-4af0-4619-81e8-e1bc9229b938,1689708355464788888
3a4949b1-4342-440b-ae79-14d47949d470,e9b61042-4af0-4619-81e8-e1bc9229b938,1689708355497400000
3a4949b1-4342-440b-ae79-14d47949d470,e9b61042-4af0-4619-81e8-e1bc9229b938,1689708355529344444
3a4949b1-4342-440b-ae79-14d47949d470,e9b61042-4af0-4619-81e8-e1bc9229b938,1689708355564833333
3a4949b1-4342-440b-ae79-14d47949d470,e9b61042-4af0-4619-81e8-e1bc9229b938,1689708355596700000
3a4949b1-4342-440b-ae79-14d47949d470,e9b61042-4af0-4619-81e8-e1bc9229b938,1689708355629577777
3a4949b1-4342-440b-ae79-14d47949d470,e9b61042-4af0-4619-81e8-e1bc9229b938,1689708355664755555
3a4949b1-4342-440b-ae79-14d47949d470,e9b61042-4af0-4619-81e8-e1bc9229b938,1689708355696733333
3a4949b1-4342-440b-ae79-14d47949d470,e9b61042-4af0-4619-81e8-e1bc9229b938,1689708355728811111
3a4949b1-4342-440b-ae79-14d47949d470,e9b61042-4af0-4619-81e8-e1bc9229b938,1689708355764766666
3a4949b1-4342-440b-ae79-14d47949d470,e9b61042-4af0-4619-81e8-e1bc9229b938,1689708355796711111
3a4949b1-4342-440b-ae79-14d47949d470,e9b61042-4af0-4619-81e8-e1bc9229b938,1689708355828933333
3a4949b1-4342-440b-ae79-14d47949d470,e9b61042-4af0-4619-81e8-e1bc9229b938,1689708355864955555
3a4949b1-4342-440b-ae79-14d47949d470,e9b61042-4af0-4619-81e8-e1bc9229b938,1689708355896755555
3a4949b1-4342-440b-ae79-14d47949d470,e9b61042-4af0-4619-81e8-e1bc9229b938,1689708355928800000
3a4949b1-4342-440b-ae79-14d47949d470,e9b61042-4af0-4619-81e8-e1bc9229b938,1689708355964822222
3a4949b1-4342-440b-ae79-14d47949d470,e9b61042-4af0-4619-81e8-e1bc9229b938,1689708355996755555
3a4949b1-4342-440b-ae79-14d47949d470,e9b61042-4af0-4619-81e8-e1bc9229b938,1689708356028800000
3a4949b1-4342-440b-ae79-14d47949d470,e9b61042-4af0-4619-81e8-e1bc9229b938,1689708356064833333
3a4949b1-4342-440b-ae79-14d47949d470,e9b61042-4af0-4619-81e8-e1bc9229b938,1689708356096777777
3a4949b1-4342-440b-ae79-14d47949d470,e9b61042-4af0-4619-81e8-e1bc9229b938,1689708356128888888
3a4949b1-4342-440b-ae79-14d47949d470,e9b61042-4af0-4619-81e8-e1bc9229b938,1689708356164766666
3a4949b1-4342-440b-ae79-14d47949d470,e9b61042-4af0-4619-81e8-e1bc9229b938,1689708356196877777
3a4949b1-4342-440b-ae79-14d47949d470,e9b61042-4af0-4619-81e8-e1bc9229b938,1689708356228833333
3a4949b1-4342-440b-ae79-14d47949d470,e9b61042-4af0-4619-81e8-e1bc9229b938,1689708356265344444
3a4949b1-4342-440b-ae79-14d47949d470,e9b61042-4af0-4619-81e8-e1bc9229b938,1689708356296811111
3a4949b1-4342-440b-ae79-14d47949d470,e9b61042-4af0-4619-81e8-e1bc9229b938,1689708356332700000
3a4949b1-4342-440b-ae79-14d47949d470,e9b61042-4af0-4619-81e8-e1bc9229b938,1689708356364788888
3a4949b1-4342-440b-ae79-14d47949d470,e9b61042-4af0-4619-81e8-e1bc9229b938,1689708356396866666
3a4949b1-4342-440b-ae79-14d47949d470,e9b61042-4af0-4619-81e8-e1bc9229b938,1689708356432777777
3a4949b1-4342-440b-ae79-14d47949d470,e9b61042-4af0-4619-81e8-e1bc9229b938,1689708356464733333
3a4949b1-4342-440b-ae79-14d47949d470,e9b61042-4af0-4619-81e8-e1bc9229b938,1689708356496766666
3a4949b1-4342-440b-ae79-14d47949d470,e9b61042-4af0-4619-81e8-e1bc9229b938,1689708356532700000
3a4949b1-4342-440b-ae79-14d47949d470,e9b61042-4af0-4619-81e8-e1bc9229b938,1689708356564722222
3a4949b1-4342-440b-ae79-14d47949d470,e9b61042-4af0-4619-81e8-e1bc9229b938,1689708356596722222
3a4949b1-4342-440b-ae79-14d47949d470,e9b61042-4af0-4619-81e8-e1bc9229b938,1689708356632900000
3a4949b1-4342-440b-ae79-14d47949d470,e9b61042-4af0-4619-81e8-e1bc9229b938,1689708356665477777
3a4949b1-4342-440b-ae79-14d47949d470,e9b61042-4af0-4619-81e8-e1bc9229b938,1689708356696777777
3a4949b1-4342-440b-ae79-14d47949d470,e9b61042-4af0-4619-81e8-e1bc9229b938,1689708356732688888
3a4949b1-4342-440b-ae79-14d47949d470,e9b61042-4af0-4619-81e8-e1bc9229b938,1689708356764755555
3a4949b1-4342-440b-ae79-14d47949d470,e9b61042-4af0-4619-81e8-e1bc9229b938,1689708356796855555
3a4949b1-4342-440b-ae79-14d47949d470,e9b61042-4af0-4619-81e8-e1bc9229b938,1689708356832700000
3a4949b1-4342-440b-ae79-14d47949d470,e9b61042-4af0-4619-81e8-e1bc9229b938,1689708356865044444
3a4949b1-4342-440b-ae79-14d47949d470,e9b61042-4af0-4619-81e8-e1bc9229b938,1689708356896800000
3a4949b1-4342-440b-ae79-14d47949d470,e9b61042-4af0-4619-81e8-e1bc9229b938,1689708356932733333
3a4949b1-4342-440b-ae79-14d47949d470,e9b61042-4af0-4619-81e8-e1bc9229b938,1689708356964700000
3a4949b1-4342-440b-ae79-14d47949d470,e9b61042-4af0-4619-81e8-e1bc9229b938,1689708356996855555
3a4949b1-4342-440b-ae79-14d47949d470,e9b61042-4af0-4619-81e8-e1bc9229b938,1689708357032800000
3a4949b1-4342-440b-ae79-14d47949d470,e9b61042-4af0-4619-81e8-e1bc9229b938,1689708357064822222
3a4949b1-4342-440b-ae79-14d47949d470,e9b61042-4af0-4619-81e8-e1bc9229b938,1689708357097055555
3a4949b1-4342-440b-ae79-14d47949d470,e9b61042-4af0-4619-81e8-e1bc9229b938,1689708357132766666
3a4949b1-4342-440b-ae79-14d47949d470,e9b61042-4af0-4619-81e8-e1bc9229b938,1689708357164966666
3a4949b1-4342-440b-ae79-14d47949d470,e9b61042-4af0-4619-81e8-e1bc9229b938,1689708357196755555
3a4949b1-4342-440b-ae79-14d47949d470,e9b61042-4af0-4619-81e8-e1bc9229b938,1689708357233366666
3a4949b1-4342-440b-ae79-14d47949d470,e9b61042-4af0-4619-81e8-e1bc9229b938,1689708357264755555
3a4949b1-4342-440b-ae79-14d47949d470,e9b61042-4af0-4619-81e8-e1bc9229b938,1689708357296766666
3a4949b1-4342-440b-ae79-14d47949d470,e9b61042-4af0-4619-81e8-e1bc9229b938,1689708357332733333
3a4949b1-4342-440b-ae79-14d47949d470,e9b61042-4af0-4619-81e8-e1bc9229b938,1689708357365322222
3a4949b1-4342-440b-ae79-14d47949d470,e9b61042-4af0-4619-81e8-e1bc9229b938,1689708357397588888
3a4949b1-4342-440b-ae79-14d47949d470,e9b61042-4af0-4619-81e8-e1bc9229b938,1689708357432766666
3a4949b1-4342-440b-ae79-14d47949d470,e9b61042-4af0-4619-81e8-e1bc9229b938,1689708357464811111
3a4949b1-4342-440b-ae79-14d47949d470,e9b61042-4af0-4619-81e8-e1bc9229b938,1689708357496988888
3a4949b1-4342-440b-ae79-14d47949d470,e9b61042-4af0-4619-81e8-e1bc9229b938,1689708357532833333
3a4949b1-4342-440b-ae79-14d47949d470,e9b61042-4af0-4619-81e8-e1bc9229b938,1689708357564755555
3a4949b1-4342-440b-ae79-14d47949d470,e9b61042-4af0-4619-81e8-e1bc9229b938,1689708357596755555
3a4949b1-4342-440b-ae79-14d47949d470,e9b61042-4af0-4619-81e8-e1bc9229b938,1689708357632766666
3a4949b1-4342-440b-ae79-14d47949d470,e9b61042-4af0-4619-81e8-e1bc9229b938,1689708357664733333
3a4949b1-4342-440b-ae79-14d47949d470,e9b61042-4af0-4619-81e8-e1bc9229b938,1689708357696766666
3a4949b1-4342-440b-ae79-14d47949d470,e9b61042-4af0-4619-81e8-e1bc9229b938,1689708357732777777
3a4949b1-4342-440b-ae79-14d47949d470,e9b61042-4af0-4619-81e8-e1bc9229b938,1689708357764722222
3a4949b1-4342-440b-ae79-14d47949d470,e9b61042-4af0-4619-81e8-e1bc9229b938,1689708357797111111
3a4949b1-4342-440b-ae79-14d47949d470,e9b61042-4af0-4619-81e8-e1bc9229b938,1689708357832811111
3a4949b1-4342-440b-ae79-14d47949d470,e9b61042-4af0-4619-81e8-e1bc9229b938,1689708357865166666
3a4949b1-4342-440b-ae79-14d47949d470,e9b61042-4af0-4619-81e8-e1bc9229b938,1689708357897033333
3a4949b1-4342-440b-ae79-14d47949d470,e9b61042-4af0-4619-81e8-e1bc9229b938,1689708357932788888
3a4949b1-4342-440b-ae79-14d47949d470,e9b61042-4af0-4619-81e8-e1bc9229b938,1689708357964855555
3a4949b1-4342-440b-ae79-14d47949d470,e9b61042-4af0-4619-81e8-e1bc9229b938,1689708357996800000
3a4949b1-4342-440b-ae79-14d47949d470,e9b61042-4af0-4619-81e8-e1bc9229b938,1689708358033244444
3a4949b1-4342-440b-ae79-14d47949d470,e9b61042-4af0-4619-81e8-e1bc9229b938,1689708358064744444
3a4949b1-4342-440b-ae79-14d47949d470,e9b61042-4af0-4619-81e8-e1bc9229b938,1689708358096788888
3a4949b1-4342-440b-ae79-14d47949d470,e9b61042-4af0-4619-81e8-e1bc9229b938,1689708358132877777
3a4949b1-4342-440b-ae79-14d47949d470,e9b61042-4af0-4619-81e8-e1bc9229b938,1689708358165111111
3a4949b1-4342-440b-ae79-14d47949d470,e9b61042-4af0-4619-81e8-e1bc9229b938,1689708358197011111
3a4949b1-4342-440b-ae79-14d47949d470,e9b61042-4af0-4619-81e8-e1bc9229b938,1689708358233244444
3a4949b1-4342-440b-ae79-14d47949d470,e9b61042-4af0-4619-81e8-e1bc9229b938,1689708358264711111
3a4949b1-4342-440b-ae79-14d47949d470,e9b61042-4af0-4619-81e8-e1bc9229b938,1689708358297188888
3a4949b1-4342-440b-ae79-14d47949d470,e9b61042-4af0-4619-81e8-e1bc9229b938,1689708358332788888
3a4949b1-4342-440b-ae79-14d47949d470,e9b61042-4af0-4619-81e8-e1bc9229b938,1689708358364711111
3a4949b1-4342-440b-ae79-14d47949d470,e9b61042-4af0-4619-81e8-e1bc9229b938,1689708358396744444
3a4949b1-4342-440b-ae79-14d47949d470,e9b61042-4af0-4619-81e8-e1bc9229b938,1689708358432833333
3a4949b1-4342-440b-ae79-14d47949d470,e9b61042-4af0-4619-81e8-e1bc9229b938,1689708358464688888
3a4949b1-4342-440b-ae79-14d47949d470,e9b61042-4af0-4619-81e8-e1bc9229b938,1689708358496777777
3a4949b1-4342-440b-ae79-14d47949d470,e9b61042-4af0-4619-81e8-e1bc9229b938,1689708358532800000
3a4949b1-4342-440b-ae79-14d47949d470,e9b61042-4af0-4619-81e8-e1bc9229b938,1689708358564733333
3a4949b1-4342-440b-ae79-14d47949d470,e9b61042-4af0-4619-81e8-e1bc9229b938,1689708358597077777
3a4949b1-4342-440b-ae79-14d47949d470,e9b61042-4af0-4619-81e8-e1bc9229b938,1689708358632755555
3a4949b1-4342-440b-ae79-14d47949d470,e9b61042-4af0-4619-81e8-e1bc9229b938,1689708358664722222
3a4949b1-4342-440b-ae79-14d47949d470,e9b61042-4af0-4619-81e8-e1bc9229b938,1689708358696755555
3a4949b1-4342-440b-ae79-14d47949d470,e9b61042-4af0-4619-81e8-e1bc9229b938,1689708358732866666
3a4949b1-4342-440b-ae79-14d47949d470,e9b61042-4af0-4619-81e8-e1bc9229b938,1689708358764800000
3a4949b1-4342-440b-ae79-14d47949d470,e9b61042-4af0-4619-81e8-e1bc9229b938,1689708358796955555
3a4949b1-4342-440b-ae79-14d47949d470,e9b61042-4af0-4619-81e8-e1bc9229b938,1689708358832788888
3a4949b1-4342-440b-ae79-14d47949d470,e9b61042-4af0-4619-81e8-e1bc9229b938,1689708358864722222
3a4949b1-4342-440b-ae79-14d47949d470,e9b61042-4af0-4619-81e8-e1bc9229b938,1689708358897133333
3a4949b1-4342-440b-ae79-14d47949d470,e9b61042-4af0-4619-81e8-e1bc9229b938,1689708358932800000
3a4949b1-4342-440b-ae79-14d47949d470,e9b61042-4af0-4619-81e8-e1bc9229b938,1689708358964755555
3a4949b1-4342-440b-ae79-14d47949d470,e9b61042-4af0-4619-81e8-e1bc9229b938,1689708358996811111
3a4949b1-4342-440b-ae79-14d47949d470,e9b61042-4af0-4619-81e8-e1bc9229b938,1689708359033066666
3a4949b1-4342-440b-ae79-14d47949d470,e9b61042-4af0-4619-81e8-e1bc9229b938,1689708359064688888
3a4949b1-4342-440b-ae79-14d47949d470,e9b61042-4af0-4619-81e8-e1bc9229b938,1689708359096788888
3a4949b1-4342-440b-ae79-14d47949d470,e9b61042-4af0-4619-81e8-e1bc9229b938,1689708359132733333
3a4949b1-4342-440b-ae79-14d47949d470,e9b61042-4af0-4619-81e8-e1bc9229b938,1689708359164733333
3a4949b1-4342-440b-ae79-14d47949d470,e9b61042-4af0-4619-81e8-e1bc9229b938,1689708359198811111
3a4949b1-4342-440b-ae79-14d47949d470,e9b61042-4af0-4619-81e8-e1bc9229b938,1689708359232811111
3a4949b1-4342-440b-ae79-14d47949d470,e9b61042-4af0-4619-81e8-e1bc9229b938,1689708359265000000
3a4949b1-4342-440b-ae79-14d47949d470,e9b61042-4af0-4619-81e8-e1bc9229b938,1689708359298122222
3a4949b1-4342-440b-ae79-14d47949d470,e9b61042-4af0-4619-81e8-e1bc9229b938,1689708359333455555
3a4949b1-4342-440b-ae79-14d47949d470,e9b61042-4af0-4619-81e8-e1bc9229b938,1689708359364788888
3a4949b1-4342-440b-ae79-14d47949d470,e9b61042-4af0-4619-81e8-e1bc9229b938,1689708359397033333
3a4949b1-4342-440b-ae79-14d47949d470,e9b61042-4af0-4619-81e8-e1bc9229b938,1689708359432766666
3a4949b1-4342-440b-ae79-14d47949d470,e9b61042-4af0-4619-81e8-e1bc9229b938,1689708359464844444
3a4949b1-4342-440b-ae79-14d47949d470,e9b61042-4af0-4619-81e8-e1bc9229b938,1689708359496833333
3a4949b1-4342-440b-ae79-14d47949d470,e9b61042-4af0-4619-81e8-e1bc9229b938,1689708359532755555
3a4949b1-4342-440b-ae79-14d47949d470,e9b61042-4af0-4619-81e8-e1bc9229b938,1689708359564722222
3a4949b1-4342-440b-ae79-14d47949d470,e9b61042-4af0-4619-81e8-e1bc9229b938,1689708359596966666
3a4949b1-4342-440b-ae79-14d47949d470,e9b61042-4af0-4619-81e8-e1bc9229b938,1689708359632811111
3a4949b1-4342-440b-ae79-14d47949d470,e9b61042-4af0-4619-81e8-e1bc9229b938,1689708359665222222
3a4949b1-4342-440b-ae79-14d47949d470,e9b61042-4af0-4619-81e8-e1bc9229b938,1689708359696922222
3a4949b1-4342-440b-ae79-14d47949d470,e9b61042-4af0-4619-81e8-e1bc9229b938,1689708359732844444
3a4949b1-4342-440b-ae79-14d47949d470,e9b61042-4af0-4619-81e8-e1bc9229b938,1689708359764788888
3a4949b1-4342-440b-ae79-14d47949d470,e9b61042-4af0-4619-81e8-e1bc9229b938,1689708359796766666
3a4949b1-4342-440b-ae79-14d47949d470,e9b61042-4af0-4619-81e8-e1bc9229b938,1689708359832711111
3a4949b1-4342-440b-ae79-14d47949d470,e9b61042-4af0-4619-81e8-e1bc9229b938,1689708359864777777
3a4949b1-4342-440b-ae79-14d47949d470,e9b61042-4af0-4619-81e8-e1bc9229b938,1689708359896788888
3a4949b1-4342-440b-ae79-14d47949d470,e9b61042-4af0-4619-81e8-e1bc9229b938,1689708359932788888
3a4949b1-4342-440b-ae79-14d47949d470,e9b61042-4af0-4619-81e8-e1bc9229b938,1689708359964777777
3a4949b1-4342-440b-ae79-14d47949d470,e9b61042-4af0-4619-81e8-e1bc9229b938,1689708359996933333
3a4949b1-4342-440b-ae79-14d47949d470,e9b61042-4af0-4619-81e8-e1bc9229b938,1689708360033022222
3a4949b1-4342-440b-ae79-14d47949d470,e9b61042-4af0-4619-81e8-e1bc9229b938,1689708360064800000
3a4949b1-4342-440b-ae79-14d47949d470,e9b61042-4af0-4619-81e8-e1bc9229b938,1689708360096700000
3a4949b1-4342-440b-ae79-14d47949d470,e9b61042-4af0-4619-81e8-e1bc9229b938,1689708360133144444
3a4949b1-4342-440b-ae79-14d47949d470,e9b61042-4af0-4619-81e8-e1bc9229b938,1689708360164800000
3a4949b1-4342-440b-ae79-14d47949d470,e9b61042-4af0-4619-81e8-e1bc9229b938,1689708360196722222
3a4949b1-4342-440b-ae79-14d47949d470,e9b61042-4af0-4619-81e8-e1bc9229b938,1689708360232733333
3a4949b1-4342-440b-ae79-14d47949d470,e9b61042-4af0-4619-81e8-e1bc9229b938,1689708360264777777
3a4949b1-4342-440b-ae79-14d47949d470,e9b61042-4af0-4619-81e8-e1bc9229b938,1689708360296666666
3a4949b1-4342-440b-ae79-14d47949d470,e9b61042-4af0-4619-81e8-e1bc9229b938,1689708360332777777
3a4949b1-4342-440b-ae79-14d47949d470,e9b61042-4af0-4619-81e8-e1bc9229b938,1689708360364811111
3a4949b1-4342-440b-ae79-14d47949d470,e9b61042-4af0-4619-81e8-e1bc9229b938,1689708360396788888
3a4949b1-4342-440b-ae79-14d47949d470,e9b61042-4af0-4619-81e8-e1bc9229b938,1689708360433033333
3a4949b1-4342-440b-ae79-14d47949d470,e9b61042-4af0-4619-81e8-e1bc9229b938,1689708360466588888
3a4949b1-4342-440b-ae79-14d47949d470,e9b61042-4af0-4619-81e8-e1bc9229b938,1689708360496744444
3a4949b1-4342-440b-ae79-14d47949d470,e9b61042-4af0-4619-81e8-e1bc9229b938,1689708360532744444
3a4949b1-4342-440b-ae79-14d47949d470,e9b61042-4af0-4619-81e8-e1bc9229b938,1689708360564733333
3a4949b1-4342-440b-ae79-14d47949d470,e9b61042-4af0-4619-81e8-e1bc9229b938,1689708360596700000
3a4949b1-4342-440b-ae79-14d47949d470,e9b61042-4af0-4619-81e8-e1bc9229b938,1689708360632755555
3a4949b1-4342-440b-ae79-14d47949d470,e9b61042-4af0-4619-81e8-e1bc9229b938,1689708360664911111
3a4949b1-4342-440b-ae79-14d47949d470,e9b61042-4af0-4619-81e8-e1bc9229b938,1689708360696900000
3a4949b1-4342-440b-ae79-14d47949d470,e9b61042-4af0-4619-81e8-e1bc9229b938,1689708360732788888
3a4949b1-4342-440b-ae79-14d47949d470,e9b61042-4af0-4619-81e8-e1bc9229b938,1689708360764844444
3a4949b1-4342-440b-ae79-14d47949d470,e9b61042-4af0-4619-81e8-e1bc9229b938,1689708360796755555
3a4949b1-4342-440b-ae79-14d47949d470,e9b61042-4af0-4619-81e8-e1bc9229b938,1689708360832755555
3a4949b1-4342-440b-ae79-14d47949d470,e9b61042-4af0-4619-81e8-e1bc9229b938,1689708360864833333
3a4949b1-4342-440b-ae79-14d47949d470,e9b61042-4af0-4619-81e8-e1bc9229b938,1689708360896744444
3a4949b1-4342-440b-ae79-14d47949d470,e9b61042-4af0-4619-81e8-e1bc9229b938,1689708360932733333
3a4949b1-4342-440b-ae79-14d47949d470,e9b61042-4af0-4619-81e8-e1bc9229b938,1689708360964755555
3a4949b1-4342-440b-ae79-14d47949d470,e9b61042-4af0-4619-81e8-e1bc9229b938,1689708360996722222
3a4949b1-4342-440b-ae79-14d47949d470,e9b61042-4af0-4619-81e8-e1bc9229b938,1689708361032733333
3a4949b1-4342-440b-ae79-14d47949d470,e9b61042-4af0-4619-81e8-e1bc9229b938,1689708361064822222
3a4949b1-4342-440b-ae79-14d47949d470,e9b61042-4af0-4619-81e8-e1bc9229b938,1689708361100700000
3a4949b1-4342-440b-ae79-14d47949d470,e9b61042-4af0-4619-81e8-e1bc9229b938,1689708361132933333
3a4949b1-4342-440b-ae79-14d47949d470,e9b61042-4af0-4619-81e8-e1bc9229b938,1689708361164800000
3a4949b1-4342-440b-ae79-14d47949d470,e9b61042-4af0-4619-81e8-e1bc9229b938,1689708361200933333
3a4949b1-4342-440b-ae79-14d47949d470,e9b61042-4af0-4619-81e8-e1bc9229b938,1689708361232733333
3a4949b1-4342-440b-ae79-14d47949d470,e9b61042-4af0-4619-81e8-e1bc9229b938,1689708361264811111
3a4949b1-4342-440b-ae79-14d47949d470,e9b61042-4af0-4619-81e8-e1bc9229b938,1689708361300766666
3a4949b1-4342-440b-ae79-14d47949d470,e9b61042-4af0-4619-81e8-e1bc9229b938,1689708361332733333
3a4949b1-4342-440b-ae79-14d47949d470,e9b61042-4af0-4619-81e8-e1bc9229b938,1689708361364822222
3a4949b1-4342-440b-ae79-14d47949d470,e9b61042-4af0-4619-81e8-e1bc9229b938,1689708361400755555
3a4949b1-4342-440b-ae79-14d47949d470,e9b61042-4af0-4619-81e8-e1bc9229b938,1689708361433088888
3a4949b1-4342-440b-ae79-14d47949d470,e9b61042-4af0-4619-81e8-e1bc9229b938,1689708361465222222
3a4949b1-4342-440b-ae79-14d47949d470,e9b61042-4af0-4619-81e8-e1bc9229b938,1689708361500844444
3a4949b1-4342-440b-ae79-14d47949d470,e9b61042-4af0-4619-81e8-e1bc9229b938,1689708361532733333
3a4949b1-4342-440b-ae79-14d47949d470,e9b61042-4af0-4619-81e8-e1bc9229b938,1689708361564811111
3a4949b1-4342-440b-ae79-14d47949d470,e9b61042-4af0-4619-81e8-e1bc9229b938,1689708361601211111
3a4949b1-4342-440b-ae79-14d47949d470,e9b61042-4af0-4619-81e8-e1bc9229b938,1689708361632722222
3a4949b1-4342-440b-ae79-14d47949d470,e9b61042-4af0-4619-81e8-e1bc9229b938,1689708361664755555
3a4949b1-4342-440b-ae79-14d47949d470,e9b61042-4af0-4619-81e8-e1bc9229b938,1689708361701533333
3a4949b1-4342-440b-ae79-14d47949d470,e9b61042-4af0-4619-81e8-e1bc9229b938,1689708361732933333
3a4949b1-4342-440b-ae79-14d47949d470,e9b61042-4af0-4619-81e8-e1bc9229b938,1689708361764766666
3a4949b1-4342-440b-ae79-14d47949d470,e9b61042-4af0-4619-81e8-e1bc9229b938,1689708361800877777
3a4949b1-4342-440b-ae79-14d47949d470,e9b61042-4af0-4619-81e8-e1bc9229b938,1689708361832788888
3a4949b1-4342-440b-ae79-14d47949d470,e9b61042-4af0-4619-81e8-e1bc9229b938,1689708361864800000
3a4949b1-4342-440b-ae79-14d47949d470,e9b61042-4af0-4619-81e8-e1bc9229b938,1689708361900766666
3a4949b1-4342-440b-ae79-14d47949d470,e9b61042-4af0-4619-81e8-e1bc9229b938,1689708361932800000
3a4949b1-4342-440b-ae79-14d47949d470,e9b61042-4af0-4619-81e8-e1bc9229b938,1689708361964822222
3a4949b1-4342-440b-ae79-14d47949d470,e9b61042-4af0-4619-81e8-e1bc9229b938,1689708362001277777
3a4949b1-4342-440b-ae79-14d47949d470,e9b61042-4af0-4619-81e8-e1bc9229b938,1689708362032833333
3a4949b1-4342-440b-ae79-14d47949d470,e9b61042-4af0-4619-81e8-e1bc9229b938,1689708362064833333
3a4949b1-4342-440b-ae79-14d47949d470,e9b61042-4af0-4619-81e8-e1bc9229b938,1689708362100788888
3a4949b1-4342-440b-ae79-14d47949d470,e9b61042-4af0-4619-81e8-e1bc9229b938,1689708362132777777
3a4949b1-4342-440b-ae79-14d47949d470,e9b61042-4af0-4619-81e8-e1bc9229b938,1689708362164833333
3a4949b1-4342-440b-ae79-14d47949d470,e9b61042-4af0-4619-81e8-e1bc9229b938,1689708362200855555
3a4949b1-4342-440b-ae79-14d47949d470,e9b61042-4af0-4619-81e8-e1bc9229b938,1689708362233366666
3a4949b1-4342-440b-ae79-14d47949d470,e9b61042-4af0-4619-81e8-e1bc9229b938,1689708362264788888
3a4949b1-4342-440b-ae79-14d47949d470,e9b61042-4af0-4619-81e8-e1bc9229b938,1689708362300700000
3a4949b1-4342-440b-ae79-14d47949d470,e9b61042-4af0-4619-81e8-e1bc9229b938,1689708362332833333
3a4949b1-4342-440b-ae79-14d47949d470,e9b61042-4af0-4619-81e8-e1bc9229b938,1689708362364822222
3a4949b1-4342-440b-ae79-14d47949d470,e9b61042-4af0-4619-81e8-e1bc9229b938,1689708362401622222
3a4949b1-4342-440b-ae79-14d47949d470,e9b61042-4af0-4619-81e8-e1bc9229b938,1689708362432700000
3a4949b1-4342-440b-ae79-14d47949d470,e9b61042-4af0-4619-81e8-e1bc9229b938,1689708362464755555
3a4949b1-4342-440b-ae79-14d47949d470,e9b61042-4af0-4619-81e8-e1bc9229b938,1689708362501711111
3a4949b1-4342-440b-ae79-14d47949d470,e9b61042-4af0-4619-81e8-e1bc9229b938,1689708362533133333
3a4949b1-4342-440b-ae79-14d47949d470,e9b61042-4af0-4619-81e8-e1bc9229b938,1689708362564811111
3a4949b1-4342-440b-ae79-14d47949d470,e9b61042-4af0-4619-81e8-e1bc9229b938,1689708362600733333
3a4949b1-4342-440b-ae79-14d47949d470,e9b61042-4af0-4619-81e8-e1bc9229b938,1689708362632822222
3a4949b1-4342-440b-ae79-14d47949d470,e9b61042-4af0-4619-81e8-e1bc9229b938,1689708362664766666
3a4949b1-4342-440b-ae79-14d47949d470,e9b61042-4af0-4619-81e8-e1bc9229b938,1689708362700733333
3a4949b1-4342-440b-ae79-14d47949d470,e9b61042-4af0-4619-81e8-e1bc9229b938,1689708362732777777
3a4949b1-4342-440b-ae79-14d47949d470,e9b61042-4af0-4619-81e8-e1bc9229b938,1689708362764933333
3a4949b1-4342-440b-ae79-14d47949d470,e9b61042-4af0-4619-81e8-e1bc9229b938,1689708362800877777
3a4949b1-4342-440b-ae79-14d47949d470,e9b61042-4af0-4619-81e8-e1bc9229b938,1689708362832766666
3a4949b1-4342-440b-ae79-14d47949d470,e9b61042-4af0-4619-81e8-e1bc9229b938,1689708362864811111
3a4949b1-4342-440b-ae79-14d47949d470,e9b61042-4af0-4619-81e8-e1bc9229b938,1689708362900877777
3a4949b1-4342-440b-ae79-14d47949d470,e9b61042-4af0-4619-81e8-e1bc9229b938,1689708362932922222
3a4949b1-4342-440b-ae79-14d47949d470,e9b61042-4af0-4619-81e8-e1bc9229b938,1689708362964722222
3a4949b1-4342-440b-ae79-14d47949d470,e9b61042-4af0-4619-81e8-e1bc9229b938,1689708363000722222
3a4949b1-4342-440b-ae79-14d47949d470,e9b61042-4af0-4619-81e8-e1bc9229b938,1689708363032755555
3a4949b1-4342-440b-ae79-14d47949d470,e9b61042-4af0-4619-81e8-e1bc9229b938,1689708363064844444
3a4949b1-4342-440b-ae79-14d47949d470,e9b61042-4af0-4619-81e8-e1bc9229b938,1689708363100733333
3a4949b1-4342-440b-ae79-14d47949d470,e9b61042-4af0-4619-81e8-e1bc9229b938,1689708363133211111
3a4949b1-4342-440b-ae79-14d47949d470,e9b61042-4af0-4619-81e8-e1bc9229b938,1689708363164944444
3a4949b1-4342-440b-ae79-14d47949d470,e9b61042-4af0-4619-81e8-e1bc9229b938,1689708363200833333
3a4949b1-4342-440b-ae79-14d47949d470,e9b61042-4af0-4619-81e8-e1bc9229b938,1689708363232722222
3a4949b1-4342-440b-ae79-14d47949d470,e9b61042-4af0-4619-81e8-e1bc9229b938,1689708363264833333
3a4949b1-4342-440b-ae79-14d47949d470,e9b61042-4af0-4619-81e8-e1bc9229b938,1689708363300977777
3a4949b1-4342-440b-ae79-14d47949d470,e9b61042-4af0-4619-81e8-e1bc9229b938,1689708363332711111
3a4949b1-4342-440b-ae79-14d47949d470,e9b61042-4af0-4619-81e8-e1bc9229b938,1689708363364677777
3a4949b1-4342-440b-ae79-14d47949d470,e9b61042-4af0-4619-81e8-e1bc9229b938,1689708363400777777
3a4949b1-4342-440b-ae79-14d47949d470,e9b61042-4af0-4619-81e8-e1bc9229b938,1689708363432777777
3a4949b1-4342-440b-ae79-14d47949d470,e9b61042-4af0-4619-81e8-e1bc9229b938,1689708363464811111
3a4949b1-4342-440b-ae79-14d47949d470,e9b61042-4af0-4619-81e8-e1bc9229b938,1689708363500788888
3a4949b1-4342-440b-ae79-14d47949d470,e9b61042-4af0-4619-81e8-e1bc9229b938,1689708363532733333
3a4949b1-4342-440b-ae79-14d47949d470,e9b61042-4af0-4619-81e8-e1bc9229b938,1689708363564811111
3a4949b1-4342-440b-ae79-14d47949d470,e9b61042-4af0-4619-81e8-e1bc9229b938,1689708363600744444
3a4949b1-4342-440b-ae79-14d47949d470,e9b61042-4af0-4619-81e8-e1bc9229b938,1689708363633011111
3a4949b1-4342-440b-ae79-14d47949d470,e9b61042-4af0-4619-81e8-e1bc9229b938,1689708363664744444
3a4949b1-4342-440b-ae79-14d47949d470,e9b61042-4af0-4619-81e8-e1bc9229b938,1689708363700711111
3a4949b1-4342-440b-ae79-14d47949d470,e9b61042-4af0-4619-81e8-e1bc9229b938,1689708363733400000
3a4949b1-4342-440b-ae79-14d47949d470,e9b61042-4af0-4619-81e8-e1bc9229b938,1689708363764700000
3a4949b1-4342-440b-ae79-14d47949d470,e9b61042-4af0-4619-81e8-e1bc9229b938,1689708363800733333
3a4949b1-4342-440b-ae79-14d47949d470,e9b61042-4af0-4619-81e8-e1bc9229b938,1689708363832755555
3a4949b1-4342-440b-ae79-14d47949d470,e9b61042-4af0-4619-81e8-e1bc9229b938,1689708363864888888
3a4949b1-4342-440b-ae79-14d47949d470,e9b61042-4af0-4619-81e8-e1bc9229b938,1689708363900855555
3a4949b1-4342-440b-ae79-14d47949d470,e9b61042-4af0-4619-81e8-e1bc9229b938,1689708363932833333
3a4949b1-4342-440b-ae79-14d47949d470,e9b61042-4af0-4619-81e8-e1bc9229b938,1689708363965044444
3a4949b1-4342-440b-ae79-14d47949d470,e9b61042-4af0-4619-81e8-e1bc9229b938,1689708364000677777
3a4949b1-4342-440b-ae79-14d47949d470,e9b61042-4af0-4619-81e8-e1bc9229b938,1689708364033144444
3a4949b1-4342-440b-ae79-14d47949d470,e9b61042-4af0-4619-81e8-e1bc9229b938,1689708364064733333
3a4949b1-4342-440b-ae79-14d47949d470,e9b61042-4af0-4619-81e8-e1bc9229b938,1689708364100766666
3a4949b1-4342-440b-ae79-14d47949d470,e9b61042-4af0-4619-81e8-e1bc9229b938,1689708364132755555
3a4949b1-4342-440b-ae79-14d47949d470,e9b61042-4af0-4619-81e8-e1bc9229b938,1689708364164744444
3a4949b1-4342-440b-ae79-14d47949d470,e9b61042-4af0-4619-81e8-e1bc9229b938,1689708364200711111
3a4949b1-4342-440b-ae79-14d47949d470,e9b61042-4af0-4619-81e8-e1bc9229b938,1689708364232877777
3a4949b1-4342-440b-ae79-14d47949d470,e9b61042-4af0-4619-81e8-e1bc9229b938,1689708364264911111
3a4949b1-4342-440b-ae79-14d47949d470,e9b61042-4af0-4619-81e8-e1bc9229b938,1689708364301366666
3a4949b1-4342-440b-ae79-14d47949d470,e9b61042-4af0-4619-81e8-e1bc9229b938,1689708364333133333
3a4949b1-4342-440b-ae79-14d47949d470,e9b61042-4af0-4619-81e8-e1bc9229b938,1689708364364788888
3a4949b1-4342-440b-ae79-14d47949d470,e9b61042-4af0-4619-81e8-e1bc9229b938,1689708364400788888
3a4949b1-4342-440b-ae79-14d47949d470,e9b61042-4af0-4619-81e8-e1bc9229b938,1689708364432833333
3a4949b1-4342-440b-ae79-14d47949d470,e9b61042-4af0-4619-81e8-e1bc9229b938,1689708364464711111
3a4949b1-4342-440b-ae79-14d47949d470,e9b61042-4af0-4619-81e8-e1bc9229b938,1689708364501044444
3a4949b1-4342-440b-ae79-14d47949d470,e9b61042-4af0-4619-81e8-e1bc9229b938,1689708364532777777
3a4949b1-4342-440b-ae79-14d47949d470,e9b61042-4af0-4619-81e8-e1bc9229b938,1689708364565711111
3a4949b1-4342-440b-ae79-14d47949d470,e9b61042-4af0-4619-81e8-e1bc9229b938,1689708364600988888
3a4949b1-4342-440b-ae79-14d47949d470,e9b61042-4af0-4619-81e8-e1bc9229b938,1689708364632822222
3a4949b1-4342-440b-ae79-14d47949d470,e9b61042-4af0-4619-81e8-e1bc9229b938,1689708364664811111
3a4949b1-4342-440b-ae79-14d47949d470,e9b61042-4af0-4619-81e8-e1bc9229b938,1689708364700688888
3a4949b1-4342-440b-ae79-14d47949d470,e9b61042-4af0-4619-81e8-e1bc9229b938,1689708364732811111
3a4949b1-4342-440b-ae79-14d47949d470,e9b61042-4af0-4619-81e8-e1bc9229b938,1689708364765422222
3a4949b1-4342-440b-ae79-14d47949d470,e9b61042-4af0-4619-81e8-e1bc9229b938,1689708364800911111
3a4949b1-4342-440b-ae79-14d47949d470,e9b61042-4af0-4619-81e8-e1bc9229b938,1689708364832766666
3a4949b1-4342-440b-ae79-14d47949d470,e9b61042-4af0-4619-81e8-e1bc9229b938,1689708364865033333
3a4949b1-4342-440b-ae79-14d47949d470,e9b61042-4af0-4619-81e8-e1bc9229b938,1689708364900833333
3a4949b1-4342-440b-ae79-14d47949d470,e9b61042-4af0-4619-81e8-e1bc9229b938,1689708364932788888
3a4949b1-4342-440b-ae79-14d47949d470,e9b61042-4af0-4619-81e8-e1bc9229b938,1689708364964777777
3a4949b1-4342-440b-ae79-14d47949d470,e9b61042-4af0-4619-81e8-e1bc9229b938,1689708365000722222
3a4949b1-4342-440b-ae79-14d47949d470,e9b61042-4af0-4619-81e8-e1bc9229b938,1689708365032744444
3a4949b1-4342-440b-ae79-14d47949d470,e9b61042-4af0-4619-81e8-e1bc9229b938,1689708365064766666
3a4949b1-4342-440b-ae79-14d47949d470,e9b61042-4af0-4619-81e8-e1bc9229b938,1689708365100844444
3a4949b1-4342-440b-ae79-14d47949d470,e9b61042-4af0-4619-81e8-e1bc9229b938,1689708365132777777
3a4949b1-4342-440b-ae79-14d47949d470,e9b61042-4af0-4619-81e8-e1bc9229b938,1689708365165133333
3a4949b1-4342-440b-ae79-14d47949d470,e9b61042-4af0-4619-81e8-e1bc9229b938,1689708365200677777
3a4949b1-4342-440b-ae79-14d47949d470,e9b61042-4af0-4619-81e8-e1bc9229b938,1689708365233466666
3a4949b1-4342-440b-ae79-14d47949d470,e9b61042-4af0-4619-81e8-e1bc9229b938,1689708365264777777
3a4949b1-4342-440b-ae79-14d47949d470,e9b61042-4af0-4619-81e8-e1bc9229b938,1689708365301166666
3a4949b1-4342-440b-ae79-14d47949d470,e9b61042-4af0-4619-81e8-e1bc9229b938,1689708365332822222
3a4949b1-4342-440b-ae79-14d47949d470,e9b61042-4af0-4619-81e8-e1bc9229b938,1689708365364788888
3a4949b1-4342-440b-ae79-14d47949d470,e9b61042-4af0-4619-81e8-e1bc9229b938,1689708365400988888
3a4949b1-4342-440b-ae79-14d47949d470,e9b61042-4af0-4619-81e8-e1bc9229b938,1689708365432777777
3a4949b1-4342-440b-ae79-14d47949d470,e9b61042-4af0-4619-81e8-e1bc9229b938,1689708365464766666
3a4949b1-4342-440b-ae79-14d47949d470,e9b61042-4af0-4619-81e8-e1bc9229b938,1689708365500688888
3a4949b1-4342-440b-ae79-14d47949d470,e9b61042-4af0-4619-81e8-e1bc9229b938,1689708365532733333
3a4949b1-4342-440b-ae79-14d47949d470,e9b61042-4af0-4619-81e8-e1bc9229b938,1689708365564755555
3a4949b1-4342-440b-ae79-14d47949d470,e9b61042-4af0-4619-81e8-e1bc9229b938,1689708365600822222
3a4949b1-4342-440b-ae79-14d47949d470,e9b61042-4af0-4619-81e8-e1bc9229b938,1689708365632766666
3a4949b1-4342-440b-ae79-14d47949d470,e9b61042-4af0-4619-81e8-e1bc9229b938,1689708365664744444
3a4949b1-4342-440b-ae79-14d47949d470,e9b61042-4af0-4619-81e8-e1bc9229b938,1689708365700866666
3a4949b1-4342-440b-ae79-14d47949d470,e9b61042-4af0-4619-81e8-e1bc9229b938,1689708365732977777
3a4949b1-4342-440b-ae79-14d47949d470,e9b61042-4af0-4619-81e8-e1bc9229b938,1689708365764855555
3a4949b1-4342-440b-ae79-14d47949d470,e9b61042-4af0-4619-81e8-e1bc9229b938,1689708365800722222
3a4949b1-4342-440b-ae79-14d47949d470,e9b61042-4af0-4619-81e8-e1bc9229b938,1689708365832822222
3a4949b1-4342-440b-ae79-14d47949d470,e9b61042-4af0-4619-81e8-e1bc9229b938,1689708365864800000
3a4949b1-4342-440b-ae79-14d47949d470,e9b61042-4af0-4619-81e8-e1bc9229b938,1689708365900733333
3a4949b1-4342-440b-ae79-14d47949d470,e9b61042-4af0-4619-81e8-e1bc9229b938,1689708365932800000
3a4949b1-4342-440b-ae79-14d47949d470,e9b61042-4af0-4619-81e8-e1bc9229b938,1689708365964744444
3a4949b1-4342-440b-ae79-14d47949d470,e9b61042-4af0-4619-81e8-e1bc9229b938,1689708366000800000
3a4949b1-4342-440b-ae79-14d47949d470,e9b61042-4af0-4619-81e8-e1bc9229b938,1689708366032877777
3a4949b1-4342-440b-ae79-14d47949d470,e9b61042-4af0-4619-81e8-e1bc9229b938,1689708366064844444
3a4949b1-4342-440b-ae79-14d47949d470,e9b61042-4af0-4619-81e8-e1bc9229b938,1689708366100822222
3a4949b1-4342-440b-ae79-14d47949d470,e9b61042-4af0-4619-81e8-e1bc9229b938,1689708366133122222
3a4949b1-4342-440b-ae79-14d47949d470,e9b61042-4af0-4619-81e8-e1bc9229b938,1689708366164855555
3a4949b1-4342-440b-ae79-14d47949d470,e9b61042-4af0-4619-81e8-e1bc9229b938,1689708366200988888
3a4949b1-4342-440b-ae79-14d47949d470,e9b61042-4af0-4619-81e8-e1bc9229b938,1689708366232777777
3a4949b1-4342-440b-ae79-14d47949d470,e9b61042-4af0-4619-81e8-e1bc9229b938,1689708366268777777
3a4949b1-4342-440b-ae79-14d47949d470,e9b61042-4af0-4619-81e8-e1bc9229b938,1689708366300788888
3a4949b1-4342-440b-ae79-14d47949d470,e9b61042-4af0-4619-81e8-e1bc9229b938,1689708366332777777
3a4949b1-4342-440b-ae79-14d47949d470,e9b61042-4af0-4619-81e8-e1bc9229b938,1689708366368822222
3a4949b1-4342-440b-ae79-14d47949d470,e9b61042-4af0-4619-81e8-e1bc9229b938,1689708366400800000
3a4949b1-4342-440b-ae79-14d47949d470,e9b61042-4af0-4619-81e8-e1bc9229b938,1689708366433311111
3a4949b1-4342-440b-ae79-14d47949d470,e9b61042-4af0-4619-81e8-e1bc9229b938,1689708366468955555
3a4949b1-4342-440b-ae79-14d47949d470,e9b61042-4af0-4619-81e8-e1bc9229b938,1689708366501466666
3a4949b1-4342-440b-ae79-14d47949d470,e9b61042-4af0-4619-81e8-e1bc9229b938,1689708366532788888
3a4949b1-4342-440b-ae79-14d47949d470,e9b61042-4af0-4619-81e8-e1bc9229b938,1689708366568833333
3a4949b1-4342-440b-ae79-14d47949d470,e9b61042-4af0-4619-81e8-e1bc9229b938,1689708366601133333
3a4949b1-4342-440b-ae79-14d47949d470,e9b61042-4af0-4619-81e8-e1bc9229b938,1689708366632911111
3a4949b1-4342-440b-ae79-14d47949d470,e9b61042-4af0-4619-81e8-e1bc9229b938,1689708366669355555
3a4949b1-4342-440b-ae79-14d47949d470,e9b61042-4af0-4619-81e8-e1bc9229b938,1689708366700744444
3a4949b1-4342-440b-ae79-14d47949d470,e9b61042-4af0-4619-81e8-e1bc9229b938,1689708366732666666
3a4949b1-4342-440b-ae79-14d47949d470,e9b61042-4af0-4619-81e8-e1bc9229b938,1689708366768844444
3a4949b1-4342-440b-ae79-14d47949d470,e9b61042-4af0-4619-81e8-e1bc9229b938,1689708366800811111
3a4949b1-4342-440b-ae79-14d47949d470,e9b61042-4af0-4619-81e8-e1bc9229b938,1689708366832811111
3a4949b1-4342-440b-ae79-14d47949d470,e9b61042-4af0-4619-81e8-e1bc9229b938,1689708366868933333
3a4949b1-4342-440b-ae79-14d47949d470,e9b61042-4af0-4619-81e8-e1bc9229b938,1689708366900900000
3a4949b1-4342-440b-ae79-14d47949d470,e9b61042-4af0-4619-81e8-e1bc9229b938,1689708366932744444
3a4949b1-4342-440b-ae79-14d47949d470,e9b61042-4af0-4619-81e8-e1bc9229b938,1689708366968866666
3a4949b1-4342-440b-ae79-14d47949d470,e9b61042-4af0-4619-81e8-e1bc9229b938,1689708367001011111
3a4949b1-4342-440b-ae79-14d47949d470,e9b61042-4af0-4619-81e8-e1bc9229b938,1689708367032711111
3a4949b1-4342-440b-ae79-14d47949d470,e9b61042-4af0-4619-81e8-e1bc9229b938,1689708367068755555
3a4949b1-4342-440b-ae79-14d47949d470,e9b61042-4af0-4619-81e8-e1bc9229b938,1689708367101177777
3a4949b1-4342-440b-ae79-14d47949d470,e9b61042-4af0-4619-81e8-e1bc9229b938,1689708367132822222
3a4949b1-4342-440b-ae79-14d47949d470,e9b61042-4af0-4619-81e8-e1bc9229b938,1689708367168755555
3a4949b1-4342-440b-ae79-14d47949d470,e9b61042-4af0-4619-81e8-e1bc9229b938,1689708367201000000
3a4949b1-4342-440b-ae79-14d47949d470,e9b61042-4af0-4619-81e8-e1bc9229b938,1689708367234044444
3a4949b1-4342-440b-ae79-14d47949d470,e9b61042-4af0-4619-81e8-e1bc9229b938,1689708367268833333
3a4949b1-4342-440b-ae79-14d47949d470,e9b61042-4af0-4619-81e8-e1bc9229b938,1689708367300766666
3a4949b1-4342-440b-ae79-14d47949d470,e9b61042-4af0-4619-81e8-e1bc9229b938,1689708367332811111
3a4949b1-4342-440b-ae79-14d47949d470,e9b61042-4af0-4619-81e8-e1bc9229b938,1689708367368811111
3a4949b1-4342-440b-ae79-14d47949d470,e9b61042-4af0-4619-81e8-e1bc9229b938,1689708367400822222
3a4949b1-4342-440b-ae79-14d47949d470,e9b61042-4af0-4619-81e8-e1bc9229b938,1689708367432711111
3a4949b1-4342-440b-ae79-14d47949d470,e9b61042-4af0-4619-81e8-e1bc9229b938,1689708367468722222
3a4949b1-4342-440b-ae79-14d47949d470,e9b61042-4af0-4619-81e8-e1bc9229b938,1689708367501022222
3a4949b1-4342-440b-ae79-14d47949d470,e9b61042-4af0-4619-81e8-e1bc9229b938,1689708367532822222
3a4949b1-4342-440b-ae79-14d47949d470,e9b61042-4af0-4619-81e8-e1bc9229b938,1689708367568844444
3a4949b1-4342-440b-ae79-14d47949d470,e9b61042-4af0-4619-81e8-e1bc9229b938,1689708367600777777
3a4949b1-4342-440b-ae79-14d47949d470,e9b61042-4af0-4619-81e8-e1bc9229b938,1689708367632711111
3a4949b1-4342-440b-ae79-14d47949d470,e9b61042-4af0-4619-81e8-e1bc9229b938,1689708367668711111
3a4949b1-4342-440b-ae79-14d47949d470,e9b61042-4af0-4619-81e8-e1bc9229b938,1689708367701144444
3a4949b1-4342-440b-ae79-14d47949d470,e9b61042-4af0-4619-81e8-e1bc9229b938,1689708367732988888
3a4949b1-4342-440b-ae79-14d47949d470,e9b61042-4af0-4619-81e8-e1bc9229b938,1689708367768766666
3a4949b1-4342-440b-ae79-14d47949d470,e9b61042-4af0-4619-81e8-e1bc9229b938,1689708367800777777
3a4949b1-4342-440b-ae79-14d47949d470,e9b61042-4af0-4619-81e8-e1bc9229b938,1689708367833133333
3a4949b1-4342-440b-ae79-14d47949d470,e9b61042-4af0-4619-81e8-e1bc9229b938,1689708367868955555
3a4949b1-4342-440b-ae79-14d47949d470,e9b61042-4af0-4619-81e8-e1bc9229b938,1689708367900855555
3a4949b1-4342-440b-ae79-14d47949d470,e9b61042-4af0-4619-81e8-e1bc9229b938,1689708367932777777
3a4949b1-4342-440b-ae79-14d47949d470,e9b61042-4af0-4619-81e8-e1bc9229b938,1689708367968722222
3a4949b1-4342-440b-ae79-14d47949d470,e9b61042-4af0-4619-81e8-e1bc9229b938,1689708368000766666
3a4949b1-4342-440b-ae79-14d47949d470,e9b61042-4af0-4619-81e8-e1bc9229b938,1689708368032977777
3a4949b1-4342-440b-ae79-14d47949d470,e9b61042-4af0-4619-81e8-e1bc9229b938,1689708368069233333
3a4949b1-4342-440b-ae79-14d47949d470,e9b61042-4af0-4619-81e8-e1bc9229b938,1689708368100866666
3a4949b1-4342-440b-ae79-14d47949d470,e9b61042-4af0-4619-81e8-e1bc9229b938,1689708368132744444
3a4949b1-4342-440b-ae79-14d47949d470,e9b61042-4af0-4619-81e8-e1bc9229b938,1689708368168711111
3a4949b1-4342-440b-ae79-14d47949d470,e9b61042-4af0-4619-81e8-e1bc9229b938,1689708368200833333
3a4949b1-4342-440b-ae79-14d47949d470,e9b61042-4af0-4619-81e8-e1bc9229b938,1689708368232766666
3a4949b1-4342-440b-ae79-14d47949d470,e9b61042-4af0-4619-81e8-e1bc9229b938,1689708368268711111
3a4949b1-4342-440b-ae79-14d47949d470,e9b61042-4af0-4619-81e8-e1bc9229b938,1689708368301744444
3a4949b1-4342-440b-ae79-14d47949d470,e9b61042-4af0-4619-81e8-e1bc9229b938,1689708368332822222
3a4949b1-4342-440b-ae79-14d47949d470,e9b61042-4af0-4619-81e8-e1bc9229b938,1689708368368866666
3a4949b1-4342-440b-ae79-14d47949d470,e9b61042-4af0-4619-81e8-e1bc9229b938,1689708368400955555
3a4949b1-4342-440b-ae79-14d47949d470,e9b61042-4af0-4619-81e8-e1bc9229b938,1689708368432766666
3a4949b1-4342-440b-ae79-14d47949d470,e9b61042-4af0-4619-81e8-e1bc9229b938,1689708368468877777
3a4949b1-4342-440b-ae79-14d47949d470,e9b61042-4af0-4619-81e8-e1bc9229b938,1689708368501088888
3a4949b1-4342-440b-ae79-14d47949d470,e9b61042-4af0-4619-81e8-e1bc9229b938,1689708368532800000
3a4949b1-4342-440b-ae79-14d47949d470,e9b61042-4af0-4619-81e8-e1bc9229b938,1689708368568722222
3a4949b1-4342-440b-ae79-14d47949d470,e9b61042-4af0-4619-81e8-e1bc9229b938,1689708368600933333
3a4949b1-4342-440b-ae79-14d47949d470,e9b61042-4af0-4619-81e8-e1bc9229b938,1689708368633977777
3a4949b1-4342-440b-ae79-14d47949d470,e9b61042-4af0-4619-81e8-e1bc9229b938,1689708368668711111
3a4949b1-4342-440b-ae79-14d47949d470,e9b61042-4af0-4619-81e8-e1bc9229b938,1689708368701222222
3a4949b1-4342-440b-ae79-14d47949d470,e9b61042-4af0-4619-81e8-e1bc9229b938,1689708368732977777
3a4949b1-4342-440b-ae79-14d47949d470,e9b61042-4af0-4619-81e8-e1bc9229b938,1689708368768733333
3a4949b1-4342-440b-ae79-14d47949d470,e9b61042-4af0-4619-81e8-e1bc9229b938,1689708368801111111
3a4949b1-4342-440b-ae79-14d47949d470,e9b61042-4af0-4619-81e8-e1bc9229b938,1689708368832777777
3a4949b1-4342-440b-ae79-14d47949d470,e9b61042-4af0-4619-81e8-e1bc9229b938,1689708368868811111
3a4949b1-4342-440b-ae79-14d47949d470,e9b61042-4af0-4619-81e8-e1bc9229b938,1689708368900766666
3a4949b1-4342-440b-ae79-14d47949d470,e9b61042-4af0-4619-81e8-e1bc9229b938,1689708368932777777
3a4949b1-4342-440b-ae79-14d47949d470,e9b61042-4af0-4619-81e8-e1bc9229b938,1689708368968711111
3a4949b1-4342-440b-ae79-14d47949d470,e9b61042-4af0-4619-81e8-e1bc9229b938,1689708369000766666
3a4949b1-4342-440b-ae79-14d47949d470,e9b61042-4af0-4619-81e8-e1bc9229b938,1689708369032766666
3a4949b1-4342-440b-ae79-14d47949d470,e9b61042-4af0-4619-81e8-e1bc9229b938,1689708369068788888
3a4949b1-4342-440b-ae79-14d47949d470,e9b61042-4af0-4619-81e8-e1bc9229b938,1689708369100977777
3a4949b1-4342-440b-ae79-14d47949d470,e9b61042-4af0-4619-81e8-e1bc9229b938,1689708369132788888
3a4949b1-4342-440b-ae79-14d47949d470,e9b61042-4af0-4619-81e8-e1bc9229b938,1689708369168877777
3a4949b1-4342-440b-ae79-14d47949d470,e9b61042-4af0-4619-81e8-e1bc9229b938,1689708369200744444
3a4949b1-4342-440b-ae79-14d47949d470,e9b61042-4af0-4619-81e8-e1bc9229b938,1689708369234933333
3a4949b1-4342-440b-ae79-14d47949d470,e9b61042-4af0-4619-81e8-e1bc9229b938,1689708369268911111
3a4949b1-4342-440b-ae79-14d47949d470,e9b61042-4af0-4619-81e8-e1bc9229b938,1689708369300788888
3a4949b1-4342-440b-ae79-14d47949d470,e9b61042-4af0-4619-81e8-e1bc9229b938,1689708369332788888
3a4949b1-4342-440b-ae79-14d47949d470,e9b61042-4af0-4619-81e8-e1bc9229b938,1689708369368766666
3a4949b1-4342-440b-ae79-14d47949d470,e9b61042-4af0-4619-81e8-e1bc9229b938,1689708369400922222
3a4949b1-4342-440b-ae79-14d47949d470,e9b61042-4af0-4619-81e8-e1bc9229b938,1689708369432855555
3a4949b1-4342-440b-ae79-14d47949d470,e9b61042-4af0-4619-81e8-e1bc9229b938,1689708369468811111
3a4949b1-4342-440b-ae79-14d47949d470,e9b61042-4af0-4619-81e8-e1bc9229b938,1689708369500688888
3a4949b1-4342-440b-ae79-14d47949d470,e9b61042-4af0-4619-81e8-e1bc9229b938,1689708369533622222
3a4949b1-4342-440b-ae79-14d47949d470,e9b61042-4af0-4619-81e8-e1bc9229b938,1689708369568744444
3a4949b1-4342-440b-ae79-14d47949d470,e9b61042-4af0-4619-81e8-e1bc9229b938,1689708369600788888
3a4949b1-4342-440b-ae79-14d47949d470,e9b61042-4af0-4619-81e8-e1bc9229b938,1689708369632822222
3a4949b1-4342-440b-ae79-14d47949d470,e9b61042-4af0-4619-81e8-e1bc9229b938,1689708369669088888
3a4949b1-4342-440b-ae79-14d47949d470,e9b61042-4af0-4619-81e8-e1bc9229b938,1689708369700866666
3a4949b1-4342-440b-ae79-14d47949d470,e9b61042-4af0-4619-81e8-e1bc9229b938,1689708369733477777
3a4949b1-4342-440b-ae79-14d47949d470,e9b61042-4af0-4619-81e8-e1bc9229b938,1689708369768766666
3a4949b1-4342-440b-ae79-14d47949d470,e9b61042-4af0-4619-81e8-e1bc9229b938,1689708369800722222
3a4949b1-4342-440b-ae79-14d47949d470,e9b61042-4af0-4619-81e8-e1bc9229b938,1689708369832811111
3a4949b1-4342-440b-ae79-14d47949d470,e9b61042-4af0-4619-81e8-e1bc9229b938,1689708369868777777
3a4949b1-4342-440b-ae79-14d47949d470,e9b61042-4af0-4619-81e8-e1bc9229b938,1689708369900755555
3a4949b1-4342-440b-ae79-14d47949d470,e9b61042-4af0-4619-81e8-e1bc9229b938,1689708369932788888
3a4949b1-4342-440b-ae79-14d47949d470,e9b61042-4af0-4619-81e8-e1bc9229b938,1689708369968733333
3a4949b1-4342-440b-ae79-14d47949d470,e9b61042-4af0-4619-81e8-e1bc9229b938,1689708370001488888
3a4949b1-4342-440b-ae79-14d47949d470,e9b61042-4af0-4619-81e8-e1bc9229b938,1689708370032855555
3a4949b1-4342-440b-ae79-14d47949d470,e9b61042-4af0-4619-81e8-e1bc9229b938,1689708370068811111
3a4949b1-4342-440b-ae79-14d47949d470,e9b61042-4af0-4619-81e8-e1bc9229b938,1689708370100755555
3a4949b1-4342-440b-ae79-14d47949d470,e9b61042-4af0-4619-81e8-e1bc9229b938,1689708370132933333
3a4949b1-4342-440b-ae79-14d47949d470,e9b61042-4af0-4619-81e8-e1bc9229b938,1689708370168822222
3a4949b1-4342-440b-ae79-14d47949d470,e9b61042-4af0-4619-81e8-e1bc9229b938,1689708370200822222
3a4949b1-4342-440b-ae79-14d47949d470,e9b61042-4af0-4619-81e8-e1bc9229b938,1689708370233388888
3a4949b1-4342-440b-ae79-14d47949d470,e9b61042-4af0-4619-81e8-e1bc9229b938,1689708370268822222
3a4949b1-4342-440b-ae79-14d47949d470,e9b61042-4af0-4619-81e8-e1bc9229b938,1689708370300922222
3a4949b1-4342-440b-ae79-14d47949d470,e9b61042-4af0-4619-81e8-e1bc9229b938,1689708370332766666
3a4949b1-4342-440b-ae79-14d47949d470,e9b61042-4af0-4619-81e8-e1bc9229b938,1689708370368966666
3a4949b1-4342-440b-ae79-14d47949d470,e9b61042-4af0-4619-81e8-e1bc9229b938,1689708370400955555
3a4949b1-4342-440b-ae79-14d47949d470,e9b61042-4af0-4619-81e8-e1bc9229b938,1689708370432788888
3a4949b1-4342-440b-ae79-14d47949d470,e9b61042-4af0-4619-81e8-e1bc9229b938,1689708370468766666
3a4949b1-4342-440b-ae79-14d47949d470,e9b61042-4af0-4619-81e8-e1bc9229b938,1689708370500966666
3a4949b1-4342-440b-ae79-14d47949d470,e9b61042-4af0-4619-81e8-e1bc9229b938,1689708370532866666
3a4949b1-4342-440b-ae79-14d47949d470,e9b61042-4af0-4619-81e8-e1bc9229b938,1689708370568733333
3a4949b1-4342-440b-ae79-14d47949d470,e9b61042-4af0-4619-81e8-e1bc9229b938,1689708370600711111
3a4949b1-4342-440b-ae79-14d47949d470,e9b61042-4af0-4619-81e8-e1bc9229b938,1689708370632811111
3a4949b1-4342-440b-ae79-14d47949d470,e9b61042-4af0-4619-81e8-e1bc9229b938,1689708370668766666
3a4949b1-4342-440b-ae79-14d47949d470,e9b61042-4af0-4619-81e8-e1bc9229b938,1689708370701222222
3a4949b1-4342-440b-ae79-14d47949d470,e9b61042-4af0-4619-81e8-e1bc9229b938,1689708370732955555
3a4949b1-4342-440b-ae79-14d47949d470,e9b61042-4af0-4619-81e8-e1bc9229b938,1689708370769088888
3a4949b1-4342-440b-ae79-14d47949d470,e9b61042-4af0-4619-81e8-e1bc9229b938,1689708370800788888
3a4949b1-4342-440b-ae79-14d47949d470,e9b61042-4af0-4619-81e8-e1bc9229b938,1689708370832777777
3a4949b1-4342-440b-ae79-14d47949d470,e9b61042-4af0-4619-81e8-e1bc9229b938,1689708370868744444
3a4949b1-4342-440b-ae79-14d47949d470,e9b61042-4af0-4619-81e8-e1bc9229b938,1689708370900988888
3a4949b1-4342-440b-ae79-14d47949d470,e9b61042-4af0-4619-81e8-e1bc9229b938,1689708370932788888
3a4949b1-4342-440b-ae79-14d47949d470,e9b61042-4af0-4619-81e8-e1bc9229b938,1689708370968955555
3a4949b1-4342-440b-ae79-14d47949d470,e9b61042-4af0-4619-81e8-e1bc9229b938,1689708371000711111
3a4949b1-4342-440b-ae79-14d47949d470,e9b61042-4af0-4619-81e8-e1bc9229b938,1689708371032844444
3a4949b1-4342-440b-ae79-14d47949d470,e9b61042-4af0-4619-81e8-e1bc9229b938,1689708371068788888
3a4949b1-4342-440b-ae79-14d47949d470,e9b61042-4af0-4619-81e8-e1bc9229b938,1689708371100700000
3a4949b1-4342-440b-ae79-14d47949d470,e9b61042-4af0-4619-81e8-e1bc9229b938,1689708371132755555
3a4949b1-4342-440b-ae79-14d47949d470,e9b61042-4af0-4619-81e8-e1bc9229b938,1689708371168800000
3a4949b1-4342-440b-ae79-14d47949d470,e9b61042-4af0-4619-81e8-e1bc9229b938,1689708371200811111
3a4949b1-4342-440b-ae79-14d47949d470,e9b61042-4af0-4619-81e8-e1bc9229b938,1689708371236733333
3a4949b1-4342-440b-ae79-14d47949d470,e9b61042-4af0-4619-81e8-e1bc9229b938,1689708371268800000
3a4949b1-4342-440b-ae79-14d47949d470,e9b61042-4af0-4619-81e8-e1bc9229b938,1689708371300766666
3a4949b1-4342-440b-ae79-14d47949d470,e9b61042-4af0-4619-81e8-e1bc9229b938,1689708371336755555
3a4949b1-4342-440b-ae79-14d47949d470,e9b61042-4af0-4619-81e8-e1bc9229b938,1689708371368733333
3a4949b1-4342-440b-ae79-14d47949d470,e9b61042-4af0-4619-81e8-e1bc9229b938,1689708371400855555
3a4949b1-4342-440b-ae79-14d47949d470,e9b61042-4af0-4619-81e8-e1bc9229b938,1689708371436822222
3a4949b1-4342-440b-ae79-14d47949d470,e9b61042-4af0-4619-81e8-e1bc9229b938,1689708371468811111
3a4949b1-4342-440b-ae79-14d47949d470,e9b61042-4af0-4619-81e8-e1bc9229b938,1689708371500800000
3a4949b1-4342-440b-ae79-14d47949d470,e9b61042-4af0-4619-81e8-e1bc9229b938,1689708371537144444
3a4949b1-4342-440b-ae79-14d47949d470,e9b61042-4af0-4619-81e8-e1bc9229b938,1689708371568755555
3a4949b1-4342-440b-ae79-14d47949d470,e9b61042-4af0-4619-81e8-e1bc9229b938,1689708371601011111
3a4949b1-4342-440b-ae79-14d47949d470,e9b61042-4af0-4619-81e8-e1bc9229b938,1689708371636900000
3a4949b1-4342-440b-ae79-14d47949d470,e9b61042-4af0-4619-81e8-e1bc9229b938,1689708371668944444
3a4949b1-4342-440b-ae79-14d47949d470,e9b61042-4af0-4619-81e8-e1bc9229b938,1689708371700977777
3a4949b1-4342-440b-ae79-14d47949d470,e9b61042-4af0-4619-81e8-e1bc9229b938,1689708371736811111
3a4949b1-4342-440b-ae79-14d47949d470,e9b61042-4af0-4619-81e8-e1bc9229b938,1689708371768777777
3a4949b1-4342-440b-ae79-14d47949d470,e9b61042-4af0-4619-81e8-e1bc9229b938,1689708371801644444
3a4949b1-4342-440b-ae79-14d47949d470,e9b61042-4af0-4619-81e8-e1bc9229b938,1689708371836755555
3a4949b1-4342-440b-ae79-14d47949d470,e9b61042-4af0-4619-81e8-e1bc9229b938,1689708371868766666
3a4949b1-4342-440b-ae79-14d47949d470,e9b61042-4af0-4619-81e8-e1bc9229b938,1689708371900788888
3a4949b1-4342-440b-ae79-14d47949d470,e9b61042-4af0-4619-81e8-e1bc9229b938,1689708371936755555
3a4949b1-4342-440b-ae79-14d47949d470,e9b61042-4af0-4619-81e8-e1bc9229b938,1689708371969111111
3a4949b1-4342-440b-ae79-14d47949d470,e9b61042-4af0-4619-81e8-e1bc9229b938,1689708372000711111
3a4949b1-4342-440b-ae79-14d47949d470,e9b61042-4af0-4619-81e8-e1bc9229b938,1689708372036755555
3a4949b1-4342-440b-ae79-14d47949d470,e9b61042-4af0-4619-81e8-e1bc9229b938,1689708372068755555
3a4949b1-4342-440b-ae79-14d47949d470,e9b61042-4af0-4619-81e8-e1bc9229b938,1689708372100777777
3a4949b1-4342-440b-ae79-14d47949d470,e9b61042-4af0-4619-81e8-e1bc9229b938,1689708372137077777
3a4949b1-4342-440b-ae79-14d47949d470,e9b61042-4af0-4619-81e8-e1bc9229b938,1689708372168744444
3a4949b1-4342-440b-ae79-14d47949d470,e9b61042-4af0-4619-81e8-e1bc9229b938,1689708372200800000
3a4949b1-4342-440b-ae79-14d47949d470,e9b61042-4af0-4619-81e8-e1bc9229b938,1689708372236744444
3a4949b1-4342-440b-ae79-14d47949d470,e9b61042-4af0-4619-81e8-e1bc9229b938,1689708372268800000
3a4949b1-4342-440b-ae79-14d47949d470,e9b61042-4af0-4619-81e8-e1bc9229b938,1689708372300755555
3a4949b1-4342-440b-ae79-14d47949d470,e9b61042-4af0-4619-81e8-e1bc9229b938,1689708372336744444
3a4949b1-4342-440b-ae79-14d47949d470,e9b61042-4af0-4619-81e8-e1bc9229b938,1689708372368777777
3a4949b1-4342-440b-ae79-14d47949d470,e9b61042-4af0-4619-81e8-e1bc9229b938,1689708372400911111
3a4949b1-4342-440b-ae79-14d47949d470,e9b61042-4af0-4619-81e8-e1bc9229b938,1689708372436888888
3a4949b1-4342-440b-ae79-14d47949d470,e9b61042-4af0-4619-81e8-e1bc9229b938,1689708372469055555
3a4949b1-4342-440b-ae79-14d47949d470,e9b61042-4af0-4619-81e8-e1bc9229b938,1689708372501288888
3a4949b1-4342-440b-ae79-14d47949d470,e9b61042-4af0-4619-81e8-e1bc9229b938,1689708372536800000
3a4949b1-4342-440b-ae79-14d47949d470,e9b61042-4af0-4619-81e8-e1bc9229b938,1689708372568766666
3a4949b1-4342-440b-ae79-14d47949d470,e9b61042-4af0-4619-81e8-e1bc9229b938,1689708372600800000
3a4949b1-4342-440b-ae79-14d47949d470,e9b61042-4af0-4619-81e8-e1bc9229b938,1689708372636788888
3a4949b1-4342-440b-ae79-14d47949d470,e9b61042-4af0-4619-81e8-e1bc9229b938,1689708372668944444
3a4949b1-4342-440b-ae79-14d47949d470,e9b61042-4af0-4619-81e8-e1bc9229b938,1689708372700877777
3a4949b1-4342-440b-ae79-14d47949d470,e9b61042-4af0-4619-81e8-e1bc9229b938,1689708372736777777
3a4949b1-4342-440b-ae79-14d47949d470,e9b61042-4af0-4619-81e8-e1bc9229b938,1689708372768900000
3a4949b1-4342-440b-ae79-14d47949d470,e9b61042-4af0-4619-81e8-e1bc9229b938,1689708372801111111
3a4949b1-4342-440b-ae79-14d47949d470,e9b61042-4af0-4619-81e8-e1bc9229b938,1689708372836788888
3a4949b1-4342-440b-ae79-14d47949d470,e9b61042-4af0-4619-81e8-e1bc9229b938,1689708372868700000
3a4949b1-4342-440b-ae79-14d47949d470,e9b61042-4af0-4619-81e8-e1bc9229b938,1689708372901055555
3a4949b1-4342-440b-ae79-14d47949d470,e9b61042-4af0-4619-81e8-e1bc9229b938,1689708372937333333
3a4949b1-4342-440b-ae79-14d47949d470,e9b61042-4af0-4619-81e8-e1bc9229b938,1689708372968911111
3a4949b1-4342-440b-ae79-14d47949d470,e9b61042-4af0-4619-81e8-e1bc9229b938,1689708373001144444
3a4949b1-4342-440b-ae79-14d47949d470,e9b61042-4af0-4619-81e8-e1bc9229b938,1689708373036988888
3a4949b1-4342-440b-ae79-14d47949d470,e9b61042-4af0-4619-81e8-e1bc9229b938,1689708373068711111
3a4949b1-4342-440b-ae79-14d47949d470,e9b61042-4af0-4619-81e8-e1bc9229b938,1689708373100744444
3a4949b1-4342-440b-ae79-14d47949d470,e9b61042-4af0-4619-81e8-e1bc9229b938,1689708373136822222
3a4949b1-4342-440b-ae79-14d47949d470,e9b61042-4af0-4619-81e8-e1bc9229b938,1689708373168822222
3a4949b1-4342-440b-ae79-14d47949d470,e9b61042-4af0-4619-81e8-e1bc9229b938,1689708373200844444
3a4949b1-4342-440b-ae79-14d47949d470,e9b61042-4af0-4619-81e8-e1bc9229b938,1689708373236977777
3a4949b1-4342-440b-ae79-14d47949d470,e9b61042-4af0-4619-81e8-e1bc9229b938,1689708373268766666
3a4949b1-4342-440b-ae79-14d47949d470,e9b61042-4af0-4619-81e8-e1bc9229b938,1689708373300800000
3a4949b1-4342-440b-ae79-14d47949d470,e9b61042-4af0-4619-81e8-e1bc9229b938,1689708373336866666
3a4949b1-4342-440b-ae79-14d47949d470,e9b61042-4af0-4619-81e8-e1bc9229b938,1689708373368922222
3a4949b1-4342-440b-ae79-14d47949d470,e9b61042-4af0-4619-81e8-e1bc9229b938,1689708373402233333
3a4949b1-4342-440b-ae79-14d47949d470,e9b61042-4af0-4619-81e8-e1bc9229b938,1689708373437322222
3a4949b1-4342-440b-ae79-14d47949d470,e9b61042-4af0-4619-81e8-e1bc9229b938,1689708373468733333
3a4949b1-4342-440b-ae79-14d47949d470,e9b61042-4af0-4619-81e8-e1bc9229b938,1689708373501188888
3a4949b1-4342-440b-ae79-14d47949d470,e9b61042-4af0-4619-81e8-e1bc9229b938,1689708373536866666
3a4949b1-4342-440b-ae79-14d47949d470,e9b61042-4af0-4619-81e8-e1bc9229b938,1689708373568722222
3a4949b1-4342-440b-ae79-14d47949d470,e9b61042-4af0-4619-81e8-e1bc9229b938,1689708373600722222
3a4949b1-4342-440b-ae79-14d47949d470,e9b61042-4af0-4619-81e8-e1bc9229b938,1689708373636733333
3a4949b1-4342-440b-ae79-14d47949d470,e9b61042-4af0-4619-81e8-e1bc9229b938,1689708373668700000
3a4949b1-4342-440b-ae79-14d47949d470,e9b61042-4af0-4619-81e8-e1bc9229b938,1689708373700777777
3a4949b1-4342-440b-ae79-14d47949d470,e9b61042-4af0-4619-81e8-e1bc9229b938,1689708373737233333
3a4949b1-4342-440b-ae79-14d47949d470,e9b61042-4af0-4619-81e8-e1bc9229b938,1689708373768688888
3a4949b1-4342-440b-ae79-14d47949d470,e9b61042-4af0-4619-81e8-e1bc9229b938,1689708373800733333
3a4949b1-4342-440b-ae79-14d47949d470,e9b61042-4af0-4619-81e8-e1bc9229b938,1689708373836900000
3a4949b1-4342-440b-ae79-14d47949d470,e9b61042-4af0-4619-81e8-e1bc9229b938,1689708373868822222
3a4949b1-4342-440b-ae79-14d47949d470,e9b61042-4af0-4619-81e8-e1bc9229b938,1689708373900733333
3a4949b1-4342-440b-ae79-14d47949d470,e9b61042-4af0-4619-81e8-e1bc9229b938,1689708373936811111
3a4949b1-4342-440b-ae79-14d47949d470,e9b61042-4af0-4619-81e8-e1bc9229b938,1689708373968788888
3a4949b1-4342-440b-ae79-14d47949d470,e9b61042-4af0-4619-81e8-e1bc9229b938,1689708374001055555
3a4949b1-4342-440b-ae79-14d47949d470,e9b61042-4af0-4619-81e8-e1bc9229b938,1689708374036766666
3a4949b1-4342-440b-ae79-14d47949d470,e9b61042-4af0-4619-81e8-e1bc9229b938,1689708374069000000
3a4949b1-4342-440b-ae79-14d47949d470,e9b61042-4af0-4619-81e8-e1bc9229b938,1689708374100822222
3a4949b1-4342-440b-ae79-14d47949d470,e9b61042-4af0-4619-81e8-e1bc9229b938,1689708374137033333
3a4949b1-4342-440b-ae79-14d47949d470,e9b61042-4af0-4619-81e8-e1bc9229b938,1689708374168811111
3a4949b1-4342-440b-ae79-14d47949d470,e9b61042-4af0-4619-81e8-e1bc9229b938,1689708374201977777
3a4949b1-4342-440b-ae79-14d47949d470,e9b61042-4af0-4619-81e8-e1bc9229b938,1689708374236988888
3a4949b1-4342-440b-ae79-14d47949d470,e9b61042-4af0-4619-81e8-e1bc9229b938,1689708374268744444
3a4949b1-4342-440b-ae79-14d47949d470,e9b61042-4af0-4619-81e8-e1bc9229b938,1689708374300766666
3a4949b1-4342-440b-ae79-14d47949d470,e9b61042-4af0-4619-81e8-e1bc9229b938,1689708374336933333
3a4949b1-4342-440b-ae79-14d47949d470,e9b61042-4af0-4619-81e8-e1bc9229b938,1689708374368755555
3a4949b1-4342-440b-ae79-14d47949d470,e9b61042-4af0-4619-81e8-e1bc9229b938,1689708374400977777
3a4949b1-4342-440b-ae79-14d47949d470,e9b61042-4af0-4619-81e8-e1bc9229b938,1689708374436866666
3a4949b1-4342-440b-ae79-14d47949d470,e9b61042-4af0-4619-81e8-e1bc9229b938,1689708374469177777
3a4949b1-4342-440b-ae79-14d47949d470,e9b61042-4af0-4619-81e8-e1bc9229b938,1689708374500911111
3a4949b1-4342-440b-ae79-14d47949d470,e9b61042-4af0-4619-81e8-e1bc9229b938,1689708374536811111
3a4949b1-4342-440b-ae79-14d47949d470,e9b61042-4af0-4619-81e8-e1bc9229b938,1689708374568766666
3a4949b1-4342-440b-ae79-14d47949d470,e9b61042-4af0-4619-81e8-e1bc9229b938,1689708374600777777
3a4949b1-4342-440b-ae79-14d47949d470,e9b61042-4af0-4619-81e8-e1bc9229b938,1689708374636777777
3a4949b1-4342-440b-ae79-14d47949d470,e9b61042-4af0-4619-81e8-e1bc9229b938,1689708374668800000
3a4949b1-4342-440b-ae79-14d47949d470,e9b61042-4af0-4619-81e8-e1bc9229b938,1689708374700766666
3a4949b1-4342-440b-ae79-14d47949d470,e9b61042-4af0-4619-81e8-e1bc9229b938,1689708374736911111
3a4949b1-4342-440b-ae79-14d47949d470,e9b61042-4af0-4619-81e8-e1bc9229b938,1689708374768766666
3a4949b1-4342-440b-ae79-14d47949d470,e9b61042-4af0-4619-81e8-e1bc9229b938,1689708374800844444
3a4949b1-4342-440b-ae79-14d47949d470,e9b61042-4af0-4619-81e8-e1bc9229b938,1689708374836777777
3a4949b1-4342-440b-ae79-14d47949d470,e9b61042-4af0-4619-81e8-e1bc9229b938,1689708374868822222
3a4949b1-4342-440b-ae79-14d47949d470,e9b61042-4af0-4619-81e8-e1bc9229b938,1689708374900755555
3a4949b1-4342-440b-ae79-14d47949d470,e9b61042-4af0-4619-81e8-e1bc9229b938,1689708374937255555
3a4949b1-4342-440b-ae79-14d47949d470,e9b61042-4af0-4619-81e8-e1bc9229b938,1689708374969000000
3a4949b1-4342-440b-ae79-14d47949d470,e9b61042-4af0-4619-81e8-e1bc9229b938,1689708375000711111
3a4949b1-4342-440b-ae79-14d47949d470,e9b61042-4af0-4619-81e8-e1bc9229b938,1689708375036855555
3a4949b1-4342-440b-ae79-14d47949d470,e9b61042-4af0-4619-81e8-e1bc9229b938,1689708375068788888
3a4949b1-4342-440b-ae79-14d47949d470,e9b61042-4af0-4619-81e8-e1bc9229b938,1689708375100988888
3a4949b1-4342-440b-ae79-14d47949d470,e9b61042-4af0-4619-81e8-e1bc9229b938,1689708375136811111
3a4949b1-4342-440b-ae79-14d47949d470,e9b61042-4af0-4619-81e8-e1bc9229b938,1689708375168811111
3a4949b1-4342-440b-ae79-14d47949d470,e9b61042-4af0-4619-81e8-e1bc9229b938,1689708375200766666
3a4949b1-4342-440b-ae79-14d47949d470,e9b61042-4af0-4619-81e8-e1bc9229b938,1689708375237000000
3a4949b1-4342-440b-ae79-14d47949d470,e9b61042-4af0-4619-81e8-e1bc9229b938,1689708375268800000
3a4949b1-4342-440b-ae79-14d47949d470,e9b61042-4af0-4619-81e8-e1bc9229b938,1689708375300744444
3a4949b1-4342-440b-ae79-14d47949d470,e9b61042-4af0-4619-81e8-e1bc9229b938,1689708375336811111
3a4949b1-4342-440b-ae79-14d47949d470,e9b61042-4af0-4619-81e8-e1bc9229b938,1689708375369133333
3a4949b1-4342-440b-ae79-14d47949d470,e9b61042-4af0-4619-81e8-e1bc9229b938,1689708375400877777
3a4949b1-4342-440b-ae79-14d47949d470,e9b61042-4af0-4619-81e8-e1bc9229b938,1689708375437077777
3a4949b1-4342-440b-ae79-14d47949d470,e9b61042-4af0-4619-81e8-e1bc9229b938,1689708375468788888
3a4949b1-4342-440b-ae79-14d47949d470,e9b61042-4af0-4619-81e8-e1bc9229b938,1689708375500733333
3a4949b1-4342-440b-ae79-14d47949d470,e9b61042-4af0-4619-81e8-e1bc9229b938,1689708375537177777
3a4949b1-4342-440b-ae79-14d47949d470,e9b61042-4af0-4619-81e8-e1bc9229b938,1689708375568755555
3a4949b1-4342-440b-ae79-14d47949d470,e9b61042-4af0-4619-81e8-e1bc9229b938,1689708375600744444
3a4949b1-4342-440b-ae79-14d47949d470,e9b61042-4af0-4619-81e8-e1bc9229b938,1689708375636800000
3a4949b1-4342-440b-ae79-14d47949d470,e9b61042-4af0-4619-81e8-e1bc9229b938,1689708375668822222
3a4949b1-4342-440b-ae79-14d47949d470,e9b61042-4af0-4619-81e8-e1bc9229b938,1689708375700733333
3a4949b1-4342-440b-ae79-14d47949d470,e9b61042-4af0-4619-81e8-e1bc9229b938,1689708375736944444
3a4949b1-4342-440b-ae79-14d47949d470,e9b61042-4af0-4619-81e8-e1bc9229b938,1689708375768788888
3a4949b1-4342-440b-ae79-14d47949d470,e9b61042-4af0-4619-81e8-e1bc9229b938,1689708375801522222
3a4949b1-4342-440b-ae79-14d47949d470,e9b61042-4af0-4619-81e8-e1bc9229b938,1689708375836844444
3a4949b1-4342-440b-ae79-14d47949d470,e9b61042-4af0-4619-81e8-e1bc9229b938,1689708375868755555
3a4949b1-4342-440b-ae79-14d47949d470,e9b61042-4af0-4619-81e8-e1bc9229b938,1689708375900988888
3a4949b1-4342-440b-ae79-14d47949d470,e9b61042-4af0-4619-81e8-e1bc9229b938,1689708375936733333
3a4949b1-4342-440b-ae79-14d47949d470,e9b61042-4af0-4619-81e8-e1bc9229b938,1689708375968766666
3a4949b1-4342-440b-ae79-14d47949d470,e9b61042-4af0-4619-81e8-e1bc9229b938,1689708376000822222
3a4949b1-4342-440b-ae79-14d47949d470,e9b61042-4af0-4619-81e8-e1bc9229b938,1689708376036966666
3a4949b1-4342-440b-ae79-14d47949d470,e9b61042-4af0-4619-81e8-e1bc9229b938,1689708376068833333
3a4949b1-4342-440b-ae79-14d47949d470,e9b61042-4af0-4619-81e8-e1bc9229b938,1689708376104800000
3a4949b1-4342-440b-ae79-14d47949d470,e9b61042-4af0-4619-81e8-e1bc9229b938,1689708376136711111
3a4949b1-4342-440b-ae79-14d47949d470,e9b61042-4af0-4619-81e8-e1bc9229b938,1689708376169122222
3a4949b1-4342-440b-ae79-14d47949d470,e9b61042-4af0-4619-81e8-e1bc9229b938,1689708376204744444
3a4949b1-4342-440b-ae79-14d47949d470,e9b61042-4af0-4619-81e8-e1bc9229b938,1689708376236811111
3a4949b1-4342-440b-ae79-14d47949d470,e9b61042-4af0-4619-81e8-e1bc9229b938,1689708376268744444
3a4949b1-4342-440b-ae79-14d47949d470,e9b61042-4af0-4619-81e8-e1bc9229b938,1689708376306088888
3a4949b1-4342-440b-ae79-14d47949d470,e9b61042-4af0-4619-81e8-e1bc9229b938,1689708376336944444
3a4949b1-4342-440b-ae79-14d47949d470,e9b61042-4af0-4619-81e8-e1bc9229b938,1689708376368777777
3a4949b1-4342-440b-ae79-14d47949d470,e9b61042-4af0-4619-81e8-e1bc9229b938,1689708376405000000
3a4949b1-4342-440b-ae79-14d47949d470,e9b61042-4af0-4619-81e8-e1bc9229b938,1689708376436877777
3a4949b1-4342-440b-ae79-14d47949d470,e9b61042-4af0-4619-81e8-e1bc9229b938,1689708376468822222
3a4949b1-4342-440b-ae79-14d47949d470,e9b61042-4af0-4619-81e8-e1bc9229b938,1689708376504911111
3a4949b1-4342-440b-ae79-14d47949d470,e9b61042-4af0-4619-81e8-e1bc9229b938,1689708376536966666
3a4949b1-4342-440b-ae79-14d47949d470,e9b61042-4af0-4619-81e8-e1bc9229b938,1689708376568866666
3a4949b1-4342-440b-ae79-14d47949d470,e9b61042-4af0-4619-81e8-e1bc9229b938,1689708376604733333
3a4949b1-4342-440b-ae79-14d47949d470,e9b61042-4af0-4619-81e8-e1bc9229b938,1689708376636822222
3a4949b1-4342-440b-ae79-14d47949d470,e9b61042-4af0-4619-81e8-e1bc9229b938,1689708376668855555
3a4949b1-4342-440b-ae79-14d47949d470,e9b61042-4af0-4619-81e8-e1bc9229b938,1689708376705355555
3a4949b1-4342-440b-ae79-14d47949d470,e9b61042-4af0-4619-81e8-e1bc9229b938,1689708376736777777
3a4949b1-4342-440b-ae79-14d47949d470,e9b61042-4af0-4619-81e8-e1bc9229b938,1689708376769033333
3a4949b1-4342-440b-ae79-14d47949d470,e9b61042-4af0-4619-81e8-e1bc9229b938,1689708376804966666
3a4949b1-4342-440b-ae79-14d47949d470,e9b61042-4af0-4619-81e8-e1bc9229b938,1689708376836777777
3a4949b1-4342-440b-ae79-14d47949d470,e9b61042-4af0-4619-81e8-e1bc9229b938,1689708376868988888
3a4949b1-4342-440b-ae79-14d47949d470,e9b61042-4af0-4619-81e8-e1bc9229b938,1689708376904844444
3a4949b1-4342-440b-ae79-14d47949d470,e9b61042-4af0-4619-81e8-e1bc9229b938,1689708376936800000
3a4949b1-4342-440b-ae79-14d47949d470,e9b61042-4af0-4619-81e8-e1bc9229b938,1689708376968777777
3a4949b1-4342-440b-ae79-14d47949d470,e9b61042-4af0-4619-81e8-e1bc9229b938,1689708377004788888
3a4949b1-4342-440b-ae79-14d47949d470,e9b61042-4af0-4619-81e8-e1bc9229b938,1689708377036811111
3a4949b1-4342-440b-ae79-14d47949d470,e9b61042-4af0-4619-81e8-e1bc9229b938,1689708377068822222
3a4949b1-4342-440b-ae79-14d47949d470,e9b61042-4af0-4619-81e8-e1bc9229b938,1689708377104922222
3a4949b1-4342-440b-ae79-14d47949d470,e9b61042-4af0-4619-81e8-e1bc9229b938,1689708377136933333
3a4949b1-4342-440b-ae79-14d47949d470,e9b61042-4af0-4619-81e8-e1bc9229b938,1689708377168744444
3a4949b1-4342-440b-ae79-14d47949d470,e9b61042-4af0-4619-81e8-e1bc9229b938,1689708377204755555
3a4949b1-4342-440b-ae79-14d47949d470,e9b61042-4af0-4619-81e8-e1bc9229b938,1689708377236733333
3a4949b1-4342-440b-ae79-14d47949d470,e9b61042-4af0-4619-81e8-e1bc9229b938,1689708377268766666
3a4949b1-4342-440b-ae79-14d47949d470,e9b61042-4af0-4619-81e8-e1bc9229b938,1689708377304788888
3a4949b1-4342-440b-ae79-14d47949d470,e9b61042-4af0-4619-81e8-e1bc9229b938,1689708377336777777
3a4949b1-4342-440b-ae79-14d47949d470,e9b61042-4af0-4619-81e8-e1bc9229b938,1689708377368755555
3a4949b1-4342-440b-ae79-14d47949d470,e9b61042-4af0-4619-81e8-e1bc9229b938,1689708377404788888
3a4949b1-4342-440b-ae79-14d47949d470,e9b61042-4af0-4619-81e8-e1bc9229b938,1689708377436933333
3a4949b1-4342-440b-ae79-14d47949d470,e9b61042-4af0-4619-81e8-e1bc9229b938,1689708377468822222
3a4949b1-4342-440b-ae79-14d47949d470,e9b61042-4af0-4619-81e8-e1bc9229b938,1689708377504844444
3a4949b1-4342-440b-ae79-14d47949d470,e9b61042-4af0-4619-81e8-e1bc9229b938,1689708377537144444
3a4949b1-4342-440b-ae79-14d47949d470,e9b61042-4af0-4619-81e8-e1bc9229b938,1689708377569177777
3a4949b1-4342-440b-ae79-14d47949d470,e9b61042-4af0-4619-81e8-e1bc9229b938,1689708377604788888
3a4949b1-4342-440b-ae79-14d47949d470,e9b61042-4af0-4619-81e8-e1bc9229b938,1689708377637033333
3a4949b1-4342-440b-ae79-14d47949d470,e9b61042-4af0-4619-81e8-e1bc9229b938,1689708377669500000
3a4949b1-4342-440b-ae79-14d47949d470,e9b61042-4af0-4619-81e8-e1bc9229b938,1689708377704711111
3a4949b1-4342-440b-ae79-14d47949d470,e9b61042-4af0-4619-81e8-e1bc9229b938,1689708377736844444
3a4949b1-4342-440b-ae79-14d47949d470,e9b61042-4af0-4619-81e8-e1bc9229b938,1689708377768766666
